Epi,dPhidE
0.1,1.1314926022530738e-26
0.10092621909870476,1.1382456267680932e-26
0.10186101701559758,1.1450731870802373e-26
0.10280447320933092,1.1519759536817063e-26
0.10375666787451857,1.1589545944389182e-26
0.10471768194855202,1.1660097741268826e-26
0.10568759711848043,1.1731421539431766e-26
0.10666649582795393,1.18035239100091e-26
0.10765446128423153,1.1876411377999979e-26
0.1086515774652538,1.1950090416761394e-26
0.10965792912678099,1.2024567442267904e-26
0.11067360180959737,1.2099848807134845e-26
0.11169868184678232,1.2175940794397917e-26
0.11273325637104868,1.2252849611042604e-26
0.1137774133221491,1.2330581381275957e-26
0.11483124145435111,1.2409142139534041e-26
0.1158948303439811,1.2488537823217613e-26
0.11696827039703853,1.2568774265148998e-26
0.11805165285688052,1.2649857185742861e-26
0.1191450698119776,1.2731792184883516e-26
0.12024861420374122,1.2814584733501503e-26
0.12136237983442408,1.2898240164842185e-26
0.12248646137509314,1.298276366541879e-26
0.12362095437367689,1.3068160265642863e-26
0.12476595526308698,1.3154434830124652e-26
0.1259215613694151,1.3241592047636268e-26
0.12708787092020585,1.3329636420730477e-26
0.12826498305280606,1.3418572255007845e-26
0.12945299782279157,1.3508403648025583e-26
0.13065201621247213,1.359913447784099e-26
0.13186214013947484,1.369076839118285e-26
0.1330834724654075,1.3783308791244358e-26
0.1343161170046016,1.3876758825091223e-26
0.13556017853293686,1.3971121370678785e-26
0.1368157627967472,1.4066399023472623e-26
0.13808297652180923,1.4162594082666797e-26
0.13936192742241424,1.425970853699488e-26
0.14065272421052372,1.4357744050128832e-26
0.14195547660501012,1.4456701945661402e-26
0.1432702953409831,1.4556583191668112e-26
0.14459729217920195,1.4657388384845518e-26
0.14593657991557565,1.4759117734222743e-26
0.14728827239075026,1.4861771044444048e-26
0.1486524844997857,1.4965347698621e-26
0.15002933220192183,1.506984664075298e-26
0.1514189325304352,1.5175266357716154e-26
0.152821403602587,1.528160486082146e-26
0.15423686462966282,1.5388859666942915e-26
0.15566543592710616,1.5497027779219376e-26
0.15710723892474504,1.560610566733215e-26
0.1585623961771137,1.57160892473641e-26
0.1600310313738701,1.582697386124526e-26
0.16151326935030905,1.5938754255792072e-26
0.16300923609797408,1.605142456134844e-26
0.16451905877536624,1.6164978270038426e-26
0.166042865718753,1.6279408213641317e-26
0.16758078645307678,1.6394706541101935e-26
0.1691329517029648,1.6510864695690343e-26
0.17069949340384075,1.6627873391827003e-26
0.1722805447131394,1.6745722591591411e-26
0.17387624002162508,1.686440148093341e-26
0.1754867149648151,1.6983898445609656e-26
0.17711210643450878,1.7104201046868595e-26
0.1787525525904235,1.7225295996910375e-26
0.18040819287193827,1.734716913414999e-26
0.18207916800994628,1.7469805398314598e-26
0.18376562003881713,1.75931888054084e-26
0.18546769230846985,1.771730242258106e-26
0.18718552949655787,1.784212834293873e-26
0.18891927762076663,1.7967647660338785e-26
0.19066908405122523,1.809384044421354e-26
0.19243509752303312,1.8220685714470142e-26
0.19421746814890253,1.8348161416517447e-26
0.19601634743191856,1.8476244396474375e-26
0.19783188827841644,1.8604910376616635e-26
0.1996642450109794,1.8734133931123257e-26
0.20151357338155576,1.886388846218676e-26
0.2033800305846981,1.8994146176555605e-26
0.2052637752709252,1.9124878062580127e-26
0.2071649675602069,1.925605386783779e-26
0.20908376905557505,1.93876420774171e-26
0.21102034285685956,1.9519609892942887e-26
0.212974853574552,1.9651923212430846e-26
0.21494746734379805,1.9784546611061752e-26
0.21693835183851842,1.99174433229705e-26
0.2189476762856621,2.005057522414927e-26
0.22097561147959022,2.018390281656734e-26
0.22302232979659375,2.031738521361446e-26
0.22508800520954617,2.0450980126978803e-26
0.2271728133026905,2.0584643855073623e-26
0.22927693128656493,2.0718331273130782e-26
0.2314005380130653,2.0851995825083414e-26
0.23354381399064789,2.0985589517362335e-26
0.23570694139967277,2.1119062914735094e-26
0.23789010410788933,2.1252365138319044e-26
0.24009348768606525,2.138544386590301e-26
0.24231727942375994,2.151824533471415e-26
0.2445616683452446,2.165071434676979e-26
0.24682684522556925,2.1782794276955156e-26
0.24911300260677885,2.19144270839695e-26
0.2514203348142797,2.204555332428539e-26
0.253749037973357,2.2176112169264791e-26
0.25609931002584585,2.2306041425577685e-26
0.2584713507469564,2.2435277559067002e-26
0.2608653617622548,2.2563755722204028e-26
0.2632815465648021,2.269140978527614e-26
0.26572011053245054,2.2818172371446342e-26
0.2681812609453015,2.2943974895821787e-26
0.27066520700332414,2.3068747608663997e-26
0.2731721598441376,2.3192419642869468e-26
0.2757023325609584,2.3314919065843116e-26
0.2782559402207124,2.3436172935881328e-26
0.2808331998823172,2.3556107363173533e-26
0.2834343306151309,2.3674647575522563e-26
0.28605955351757417,2.3791717988875065e-26
0.28870909173592363,2.3907242282742087e-26
0.2913831704832787,2.4021143480577873e-26
0.2940820170587063,2.4133344035172716e-26
0.29680586086656024,2.4243765919100052e-26
0.29955493343598133,2.4352330720243658e-26
0.3023294684405778,2.445895974241281e-26
0.3051297017182869,2.456357411103553e-26
0.3079558712914226,2.4666094883900217e-26
0.3108082173869064,2.4766443166895037e-26
0.31368698245668775,2.4864540234671913e-26
0.31659241119835224,2.496030765613823e-26
0.31952475057592117,2.505366742465476e-26
0.3224842498408441,2.5144542092791003e-26
0.3254711605531848,2.5232854911462538e-26
0.32848573660300445,2.531852997324568e-26
0.3315282342319425,2.5401492359634177e-26
0.3345989120549973,2.5481668291973078e-26
0.33769803108250906,2.5558985285771204e-26
0.34082585474234517,2.5633372308062045e-26
0.3439826489022925,2.5704759937448875e-26
0.34716868189265615,2.5773080526435263e-26
0.3503842245290674,2.58382683656086e-26
0.3536295501355042,2.590025984920828e-26
0.356904934567523,2.595899364157621e-26
0.3602106562357071,2.6014410843952074e-26
0.36354699612933195,2.6066455161041934e-26
0.3669142378402493,2.611507306675499e-26
0.3703126675869926,2.6160213968470435e-26
0.3737425742391064,2.6201830369165773e-26
0.3772042493416998,2.623987802670704e-26
0.3806979871402286,2.627431610957474e-26
0.384224084605506,2.630510734827225e-26
0.38778284145894565,2.633221818164156e-26
0.3913745601980384,2.6355618897290193e-26
0.3949995461220644,2.6375283765316684e-26
0.3986581073580441,2.639119116450866e-26
0.4023505548869292,2.6403323700178776e-26
0.40607720257003654,2.6411668312798556e-26
0.40983836717572614,2.641621637659096e-26
0.41363436840632745,2.641696378724783e-26
0.4174655289253137,2.641391103794851e-26
0.4213321743847288,2.640706328287442e-26
0.4252346334528682,2.6396430387435647e-26
0.4291732378422157,2.6382026964456196e-26
0.43314832233763995,2.636387239560108e-26
0.43716022482485045,2.634199083737077e-26
0.4412092863191189,2.6316411211039633e-26
0.44529585099426555,2.628716717597273e-26
0.4494202662119142,2.6254297085819867e-26
0.45358288255101875,2.6217843927158176e-26
0.45778405383766185,2.617785524023461e-26
0.4620241371751312,2.6134383021545134e-26
0.46630349297427315,2.6087483608082044e-26
0.4706224849841282,2.603721754317965e-26
0.4749814803228501,2.598364942399537e-26
0.4793808495089109,2.5926847730773776e-26
0.4838209664925956,2.586688463815899e-26
0.488302208687788,2.5803835808939768e-26
0.49282495700405143,2.5737780170737174e-26
0.4973895958790064,2.5668799676270068e-26
0.5019965133110081,2.5596979047962543e-26
0.5066461008921267,2.5522405507784618e-26
0.5113387538414326,2.5445168493345635e-26
0.5160748710385908,2.5365359361384522e-26
0.5208548550577662,2.5283071079922154e-26
0.5256791122018422,2.5198397910458276e-26
0.5305480525369572,2.5111435081703778e-26
0.5354620899273608,2.5022278456442503e-26
0.5404216420705916,2.4931024193207112e-26
0.5454271305329833,2.4837768404535141e-26
0.5504789807854971,2.474260681363919e-26
0.5555776222398876,2.4645634411378973e-26
0.5607234882852032,2.4546945115461185e-26
0.5659170163246244,2.444663143381439e-26
0.5711586478126432,2.4344784134090286e-26
0.5764488282925876,2.4241491921226817e-26
0.5817880074344934,2.4136841124974497e-26
0.5871766390733255,2.403091539923269e-26
0.5926151812475554,2.3923795434968047e-26
0.5981040962380941,2.3815558688393883e-26
0.6036438506075867,2.370627912597579e-26
0.609234915240071,2.3596026987698246e-26
0.6148777653810024,2.34848685698796e-26
0.6205728806776502,2.3372866028661013e-26
0.6263207452198689,2.3260077205121723e-26
0.6321218475812451,2.314655547278922e-26
0.6379766808606281,2.303234960812525e-26
0.643885742724042,2.2917503684378442e-26
0.649849535446989,2.280205698900499e-26
0.6558685659571432,2.268604396467983e-26
0.6619433458774393,2.2569494173750405e-26
0.6680743915695613,2.245243228583372e-26
0.6742622241778342,2.2334878088127512e-26
0.6805073696735208,2.2216846517903842e-26
0.6868103588995303,2.2098347716582676e-26
0.6931717276155406,2.1979387104749076e-26
0.6995920165435373,2.1859965477483617e-26
0.7060717714137773,2.174007911942424e-26
0.7126115430111747,2.16197199390721e-26
0.7192118872221189,2.149887562199162e-26
0.7258733650817252,2.1377529802737545e-26
0.732596542821523,2.1255662255564584e-26
0.7393819919175866,2.1133249104231468e-26
0.7462302891391109,2.101026305149696e-26
0.7531420165974372,2.088667362920547e-26
0.7601177617955328,2.0762447470165862e-26
0.7671581176779302,2.0637548603320012e-26
0.774263682681127,2.0511938773962276e-26
0.7814350607844543,2.038557779098415e-26
0.7886728615614151,2.0258423903260317e-26
0.7959777002314984,2.0130434207337552e-26
0.8033501977124734,2.000156508851147e-26
0.8107909806731687,1.987177269715448e-26
0.8183006815867392,1.974101346176739e-26
0.8258799387844268,1.9609244639642499e-26
0.8335293965098194,1.947642490523569e-26
0.8412497049736118,1.9342514975327507e-26
0.8490415204088747,1.920747826880882e-26
0.8569055051268349,1.907128159745332e-26
0.8648423275731723,1.8933895882346233e-26
0.8728526623848377,1.8795296888753036e-26
0.880937190447399,1.865546597016164e-26
0.889096598952916,1.8514390810069796e-26
0.8973315814583522,1.8372066147875453e-26
0.9056428379445289,1.8228494473034882e-26
0.914031074875623,1.8083686669576342e-26
0.9224970052592174,1.7937662591192526e-26
0.9310413487069078,1.779045154559543e-26
0.9396648314954693,1.7642092665724856e-26
0.9483681866285922,1.749263514487402e-26
0.9571521538991863,1.7342138312959598e-26
0.9660174799522646,1.719067153212868e-26
0.9749649183484089,1.7038313891768878e-26
0.9839952296278232,1.6885153685849232e-26
0.9931091813749796,1.6731287659428498e-26
1.0023075482838655,1.6576820016145273e-26
1.0115911122238297,1.6421861184537727e-26
1.0209606623060465,1.6266526348063975e-26
1.030416994950588,1.6110933751600976e-26
1.0399609139541197,1.5955202805817613e-26
1.0495932305582276,1.5799452019931126e-26
1.05931476351837,1.5643796802685962e-26
1.069126339173476,1.548834718061552e-26
1.0790287915161842,1.533320549138854e-26
1.08902296226373,1.5178464117894044e-26
1.0991097009294972,1.502420333525211e-26
1.1092898648952227,1.4870489347709114e-26
1.1195643194838782,1.4717372594953815e-26
1.1299339380332223,1.45648864073683e-26
1.1403996019700324,1.441304608675038e-26
1.1509622008850322,1.4261848482827423e-26
1.161622632608502,1.4111272126238964e-26
1.1723818032865985,1.3961277965529058e-26
1.1832406274583787,1.381181073913424e-26
1.1942000281335319,1.3662800993614855e-26
1.2052609368708427,1.3514167736871223e-26
1.216424293857368,1.3365821690415542e-26
1.2276910479883592,1.3217669078726923e-26
1.2390621569479163,1.3069615867283352e-26
1.2505385872903907,1.2921572335183526e-26
1.2621213145225474,1.27734578446246e-26
1.2738113231864785,1.2625205649258724e-26
1.2856096069432958,1.2476767568003746e-26
1.2975171686575875,1.23281183415737e-26
1.309535020482667,1.2179259487019184e-26
1.3216641839466052,1.2030222471877825e-26
1.3339056900390587,1.1881071044734066e-26
1.3462605792989104,1.1731902583230021e-26
1.35872990190271,1.1582848353480416e-26
1.3713147177539449,1.1434072615458812e-26
1.3840160965731316,1.1285770555670008e-26
1.3968351179887397,1.1138165079151562e-26
1.409772871628967,1.0991502544908897e-26
1.4228304572143526,1.0846047579275073e-26
1.4360089846512598,1.070207714721843e-26
1.4493095741262165,1.0559874099180034e-26
1.46273335620113,1.0419720437793875e-26
1.4762814719093902,1.0281890562569434e-26
1.4899550728528546,1.0146644749813323e-26
1.5037553212997377,1.0014223109181298e-26
1.5176833902834053,9.884840227750026e-27
1.5317404637020797,9.758680668855174e-27
1.5459277364194777,9.635895438551598e-27
1.5602464143663688,9.51659947055762e-27
1.5746977146430858,9.400870114629978e-27
1.589282865622978,9.288746547487723e-27
1.60400310705682,9.180229963803032e-27
1.6188596901781984,9.075284351567294e-27
1.6338538778098612,8.973837615445371e-27
1.648986944471065,8.875782787648396e-27
1.6642601764859035,8.780979062467912e-27
1.679674872092653,8.68925241192399e-27
1.6952323415541206,8.600395589681136e-27
1.7109339072690144,8.51416741136956e-27
1.726780903884356,8.430291312994551e-27
1.742774678408919,8.348453333769817e-27
1.7589165903277326,8.268299839965082e-27
1.7752080117176352,8.189435491347519e-27
1.7916503273639004,8.111422134336662e-27
1.8082449348779517,8.033779462381654e-27
1.8249932448161523,7.955988385071059e-27
1.8418966807997108,7.87749806084377e-27
1.8589566796356873,7.7977374428089e-27
1.8761746914391204,7.716131938931207e-27
1.8935521797562953,7.632125386100478e-27
1.911090621689138,7.545206991970542e-27
1.9287915080207778,7.454942243841376e-27
1.9466563433422623,7.36100608255081e-27
1.9646866461804455,7.263215978401413e-27
1.9828839491270713,7.16156202914349e-27
2.001249798969037,7.056230932978882e-27
2.0197857568198785,6.947620762238147e-27
2.0384933982524633,6.836343928855211e-27
2.0573743134329128,6.723216588921589e-27
2.0764301072557747,6.609233911849427e-27
2.095662399480433,6.49553200512195e-27
2.1150728248687947,6.383338651904186e-27
2.1346630333242445,6.2739161776069515e-27
2.1544346900318834,6.1685005229440385e-27
2.17438947560008,6.068240837095482e-27
2.1945290862033136,5.9741435849881406e-27
2.214855233726359,5.887024371680645e-27
2.2353696459097954,5.80746961251583e-27
2.2560740664968604,5.735809071470157e-27
2.27697025538168,5.672099402384013e-27
2.298059988758851,5.6161183351371366e-27
2.3193450592744287,5.567369094329914e-27
2.340827276178293,5.525094905869873e-27
2.3625084654779465,5.488303787164598e-27
2.3843904700937206,5.455803920904121e-27
2.406475150015424,5.4262495232195985e-27
2.428764382460452,5.3981961389326344e-27
2.4512600620333385,5.3701628681989526e-27
2.4739641008868127,5.3406975202305915e-27
2.496878428884327,5.308439611154524e-27
2.520004993764092,5.272175959629348e-27
2.5433457613046495,5.2308846545307136e-27
2.5669027154919504,5.183765277081714e-27
2.5906778586880077,5.1302559519814615e-27
2.614673211801092,5.0700402752058215e-27
2.6388908144575103,5.0030485604138375e-27
2.6633327251749823,4.9294575576890365e-27
2.6880010215376062,4.8496907537893566e-27
2.712897800372466,4.764418136614607e-27
2.7380251779278577,4.674551008033416e-27
2.76338529005317,4.581225361376804e-27
2.788980292380441,4.48576752371898e-27
2.8148123605075797,4.3896385003868775e-27
2.840883690183303,4.294358120077207e-27
2.8671964974937696,4.201415238995322e-27
2.8937530190509504,4.112174185846258e-27
2.9205555121827467,4.027788942539974e-27
2.947606255124857,3.949134840593828e-27
2.9749075472144404,3.8767635867546365e-27
3.002461709085549,3.8108829063883196e-27
3.0302710828663963,3.751358887002077e-27
3.0583380323784333,3.6977383775953465e-27
3.086664943337273,3.6492903416741876e-27
3.115254223555488,3.6050672413254704e-27
3.1441083031472647,3.563987970981225e-27
3.173229634734976,3.5249406296116366e-27
3.202620693657652,3.4868962338190254e-27
3.2322839781813792,3.449015337635649e-27
3.26222200971167,3.4107224077859506e-27
3.292437333007769,3.371722298945579e-27
3.322932516398972,3.331942527274139e-27
3.3537101520029307,3.2914042571206825e-27
3.384772855945981,3.25004976013741e-27
3.4161232685855283,3.2075766340205103e-27
3.4477640547344643,3.1633398759079826e-27
3.4796979038876916,3.1163746255235826e-27
3.5119275304507296,3.0655632760457545e-27
3.544455673970434,3.0099266561159876e-27
3.5772850993678733,2.948973021209418e-27
3.610418597173337,2.8830065587047406e-27
3.6438589837635442,2.8132919894244317e-27
3.6776091016010324,2.7419983555578172e-27
3.711671819475765,2.671897545119897e-27
3.746050032748993,2.605857672922196e-27
3.7807466635993494,2.546231368093307e-27
3.8157646612712486,2.494279851377173e-27
3.8511070023255707,2.4497856437388047e-27
3.8867766908926655,2.4109841286528558e-27
3.9227767589277196,2.374884546557149e-27
3.9591102664684588,2.337957520587603e-27
3.9957803018952696,2.297053644209608e-27
4.032789982193707,2.2503169404440316e-27
4.070142453219437,2.1978109241139438e-27
4.1078408899656464,2.141620868460546e-27
4.145888496832911,2.0853409786249647e-27
4.184288507901583,2.0330605144839155e-27
4.223044187206674,1.9881508529473305e-27
4.2621588290153225,1.9522436085265935e-27
4.301635758106795,1.9247340862652816e-27
4.341478330055092,1.9029639953654052e-27
4.381689931514193,1.8830060956938367e-27
4.422273980505899,1.8607811450501066e-27
4.463233926710395,1.833149186378532e-27
4.504573251759458,1.798651987366009e-27
4.546295469532399,1.7577181823857566e-27
4.588404126454759,1.712327903060093e-27
4.630902801799739,1.6653087924125476e-27
4.673795107992461,1.6195415246722276e-27
4.717084690917018,1.5773501021915573e-27
4.760775230226368,1.5402379215666233e-27
4.804870439655131,1.5089502156179535e-27
4.849374067335235,1.483679099147736e-27
4.894289896114529,1.4641672505756223e-27
4.9396217438783205,1.4495626544043587e-27
4.985373463873894,1.4381035030675527e-27
5.031548945038054,1.4269431742866896e-27
5.078152112327674,1.4124784980457756e-27
5.12518692705333,1.3913116585291638e-27
5.172657387216019,1.3615547103016705e-27
5.220567527846975,1.3238640493807021e-27
5.268921421350674,1.2816301119686968e-27
5.3177231778509695,1.2401358807043371e-27
5.366976945540476,1.204963285579205e-27
5.416686911033152,1.180200400295261e-27
5.46685729972018,1.1670427262937892e-27
5.517492376129126,1.1632919902288542e-27
5.5685964442864115,1.1640494336824401e-27
5.620173848083188,1.1634853406954987e-27
5.672228971644543,1.1569974606612119e-27
5.724766239702179,1.1426997596351676e-27
5.777790117970504,1.1214155113277374e-27
5.831305113526222,1.0952127983874984e-27
5.88531577519145,1.0655027398244264e-27
5.939826693920357,1.0320871328877622e-27
5.994842503189409,9.939183059332703e-28
6.050367879391222,9.510722897393065e-28
6.10640754223204,9.064194999168433e-28
6.162966255132942,8.654789746355053e-28
6.220048825634712,8.340690218805084e-28
6.2776601058065,8.149606250077356e-28
6.335804992658251,8.057132712589572e-28
6.39448842855694,7.993498841723141e-28
6.4537154016467015,7.876337398669989e-28
6.513490946272802,7.648609127050158e-28
6.573820143409585,7.299269529807325e-28
6.6347081210923475,6.860549479277804e-28
6.696160054853219,6.39236431743211e-28
6.75818116816111,5.966046400099842e-28
6.820776732865685,5.650412242925523e-28
6.883952069645496,5.497038043964253e-28
6.9477125484602364,5.523595146377484e-28
7.01206358900718,5.699652411572283e-28
7.077010661181889,5.944010279467058e-28
7.142559285543126,6.143309472890429e-28
7.208715033782135,6.193731704080174e-28
7.2754835291962285,6.050386734656136e-28
7.342870447166762,5.755074293285278e-28
7.41088151564157,5.420758145740492e-28
7.479522515621821,5.1781504008526995e-28
7.5487992816534355,5.111386366343465e-28
7.6187177023229955,5.213557242630018e-28
7.68928372075831,5.387922098359694e-28
7.760503335133571,5.502642673991061e-28
7.832382599179196,5.467836980878173e-28
7.904927622696424,5.27969323892024e-28
7.978144572076625,5.006757943238132e-28
8.052039670825474,4.74188495072596e-28
8.126619200091946,4.554179404516141e-28
8.201889499202203,4.463806805227303e-28
8.277856966198476,4.451126563192102e-28
8.354528058382867,4.482224328423012e-28
8.431909292866255,4.514985782216605e-28
8.510007247122246,4.49114025835697e-28
8.58882855954625,4.357635050520395e-28
8.668379930019778,4.117048905907324e-28
8.748668120479909,3.8463811111183147e-28
8.829699955494087,3.6454174936698663e-28
8.911482322840202,3.5557694917909347e-28
8.994022174092045,3.5346192534486483e-28
9.077326525210228,3.517162136912585e-28
9.161402457138516,3.4942841712668965e-28
9.246257116405738,3.5031314585899044e-28
9.33189771573324,3.5487206653506564e-28
9.418331534647951,3.5769353022960146e-28
9.505565920101196,3.5403405536102625e-28
9.593608287093142,3.459654647239093e-28
9.682466119303124,3.387842389759782e-28
9.772146969725725,3.322678650856388e-28
9.86265846131282,3.1981873666299516e-28
9.954008287621523,2.984534844822853e-28
10.046204213468132,2.7543725396201886e-28
10.139254075588154,2.606611077337457e-28
10.233165783302448,2.562068431773116e-28
10.327947319189514,2.5724653782301437e-28
10.423606739764011,2.5885792697459163e-28
10.520152176161591,2.5846860293554597e-28
10.617591834830002,2.5504161235113525e-28
10.715933998226712,2.4957848859704194e-28
10.815187025522881,2.454215173934044e-28
10.91535935331391,2.4573030647427147e-28
11.01645949633657,2.493053272446795e-28
11.11849604819271,2.4937204790718736e-28
11.221477682079803,2.409446438305524e-28
11.325413151528116,2.279954943273869e-28
11.430311291144786,2.165884636965221e-28
11.536181017364784,2.0558184131466487e-28
11.643031329208767,1.9206022212098555e-28
11.750871309048076,1.787408540742876e-28
11.859710123376694,1.6879893372894047e-28
11.969557023590427,1.6361399246009813e-28
12.080421346773289,1.640970268994086e-28
12.192312516491107,1.6736318507022846e-28
12.305240043592615,1.6907914936563414e-28
12.419213527017833,1.6710789275533322e-28
12.534242654613994,1.6094748478086407e-28
12.650337203959038,1.545642825409909e-28
12.767507043192657,1.5261593064643218e-28
12.88576213185518,1.5184514912091434e-28
13.005112521734086,1.4830679340571971e-28
13.125568357718427,1.395787416326622e-28
13.247139878661175,1.277320221336028e-28
13.369837418249466,1.2544701700088708e-28
13.493671405883065,1.328503207500397e-28
13.618652367560813,1.3429853440351203e-28
13.744790926775366,1.251271103568339e-28
13.87209780541621,1.1167148266392387e-28
14.000583824680975,1.0080950087996974e-28
14.130259905995336,9.721901715972844e-29
14.261137071941283,9.845513484477165e-29
14.393226447194065,1.0076949413098916e-28
14.526539259467812,1.0153655603027447e-28
14.661086840469844,9.66068527376835e-29
14.796880626863963,9.441785604384987e-29
14.933932161242518,1.0109437210584417e-28
15.072253093107555,1.043158993020215e-28
15.211855179861049,1.0581702724327813e-28
15.352750287804227,1.0429405035223077e-28
15.494950393146317,8.977891285546514e-29
15.638467583022463,7.566251488899835e-29
15.783314056521181,6.774078184657106e-29
15.92950212572123,6.168416141417871e-29
16.077044216738237,6.062549651966473e-29
16.225952870780873,6.575128564861856e-29
16.376240745216872,7.751133165445642e-29
16.527920614648956,8.659722519984678e-29
16.68100537200059,8.455914261184411e-29
16.835508029612022,8.296077640169276e-29
16.99144172034626,8.303543110566927e-29
17.148819698705392,7.397729465033099e-29
17.307655341957258,6.104571295589543e-29
17.467962151272456,4.980047305656946e-29
17.62975375287206,4.5012467582825193e-29
17.793043899185772,5.0423588929192387e-29
17.95784647002095,5.771969573023072e-29
18.124175473742376,5.699716212063144e-29
18.29204504846294,4.6607636270024535e-29
18.461469463245475,3.908338258583713e-29
18.6324631193156,4.270468244838282e-29
18.805040551285817,4.864323178369412e-29
18.979216428391016,5.370912277151801e-29
19.15500555573528,5.325804486233841e-29
19.332422875550453,4.3720186228837716e-29
19.511483468466164,3.8064465792833654e-29
19.692202554791713,3.999423490748895e-29
19.87459549580984,4.0805961764139135e-29
20.05867779508234,3.52258154668475e-29
20.24446509976804,3.1161874302987896e-29
20.431973201952704,3.384849913007282e-29
20.621218039991426,3.559459098667125e-29
20.812215699863394,3.0370861640663503e-29
21.004982416539153,2.948307082401238e-29
21.199534575360712,3.405772131185409e-29
21.395888713434214,3.470521908942651e-29
21.594061521035655,3.150306230928463e-29
21.794069843029558,2.858340366850109e-29
21.99593068030075,2.3246941036753879e-29
22.19966119119955,2.315106680368516e-29
22.40527869300018,3.126961025147236e-29
22.612800663372774,3.086415007980068e-29
22.822244741868985,2.3755449394719748e-29
23.033628731421313,2.468177226362195e-29
23.24697059985648,2.860218616791942e-29
23.462288481422625,2.3610911924920308e-29
23.67960067833076,2.083665324671166e-29
23.898925662310504,2.570817932053788e-29
24.120282076180068,2.685876311263562e-29
24.343688735431105,2.1605603765384955e-29
24.569164629827903,1.8045977916187044e-29
24.796728925021576,2.1055713363361938e-29
25.026400964179192,2.583417708823708e-29
25.258200269627846,2.2015886068872143e-29
25.49214654451423,1.9955567593536672e-29
25.72825967447932,2.0335735817916678e-29
25.9665597293487,1.7951562951919452e-29
26.207066964838525,1.7196883291089066e-29
26.4498018242772,1.7338486571472717e-29
26.694784940343208,2.075777049196786e-29
26.942037136818822,2.0954965324737228e-29
27.19157943036019,1.651472398880255e-29
27.443433032283654,1.519963072023642e-29
27.69761935036891,1.3928288486673927e-29
27.954159990678566,1.6842499258083175e-29
28.213076759394706,1.7174892462388357e-29
28.474391664672478,1.4506720698102216e-29
28.738126918510662,1.3773002494958253e-29
29.004304938639915,1.3774649237473041e-29
29.27294835042816,1.4386542800244008e-29
29.544079988803798,1.3163781077762773e-29
29.817722900196735,1.2477783156519744e-29
30.09390034449721,1.0486734328471078e-29
30.372635797033116,9.722689619602827e-30
30.653952950565266,1.0440099128706646e-29
30.937875717301367,1.0198009345431578e-29
31.22442823092858,9.271882956918001e-30
31.513634848664793,1.0191175752768978e-29
31.805520153329198,1.2481494136406638e-29
32.100108955431715,9.976665419152332e-30
32.39742629528195,7.995533231671415e-30
32.697497445117676,8.030387604018397e-30
33.00034791125285,9.397593330484209e-30
33.30600343624589,1.1375300404545455e-29
33.61449000108765,1.0215260849013745e-29
33.92583382740992,8.838922343564302e-30
34.240061379714255,7.235930076101455e-30
34.55719936762139,7.389268603431969e-30
34.87727474814177,8.47761367400027e-30
35.20031472796679,8.42354419993927e-30
35.52634676578139,6.268829802053369e-30
35.85539857459817,6.361911436420073e-30
36.18749812411281,6.159300336812361e-30
36.52267364308175,6.077345439786207e-30
36.86095362172158,6.89431507996101e-30
37.202366814130656,7.655333138013252e-30
37.546942240733365,6.481441919400293e-30
37.894709190746674,6.592205353488657e-30
38.24569722466999,7.689231710134031e-30
38.59993617679767,5.3473661235706136e-30
38.95745615775501,4.783134351843025e-30
39.3182875570577,3.898336088143492e-30
39.682461045694815,4.3001108039226315e-30
40.050007578736114,5.033039743004619e-30
40.42095839796306,5.093957795621931e-30
40.79534503452449,4.536457884540057e-30
41.17319931161679,4.823489971473712e-30
41.55455334718875,5.1441277304695934e-30
41.939439556671864,4.355798838080556e-30
42.32789065573549,3.747963440335794e-30
42.71993966306777,4.231023531397667e-30
43.115619903182285,4.1997759499523154e-30
43.514965009250496,3.662742878025399e-30
43.91800892596086,3.361457414809806e-30
44.32478591240396,3.238079198588697e-30
44.735330544984635,4.25047252565802e-30
45.14967772036102,4.157134487995539e-30
45.56786265841064,3.2529354260890184e-30
45.98992090522438,2.5239281058341256e-30
46.41588833612777,2.9893564316772977e-30
46.84580115873045,2.906612889944195e-30
47.27969591600391,3.0192601858456857e-30
47.717609489387456,3.6185556353525e-30
48.159579101923505,3.2741665952900905e-30
48.605642321421335,3.7480735063623466e-30
49.05583706365046,2.5546592195902844e-30
49.510201595563515,2.5990391692994958e-30
49.968774538548836,2.5502555735476407e-30
50.431594871713585,2.531625637307034e-30
50.8987019351968,2.1532952950336338e-30
51.37013543351344,2.210316503654477e-30
51.84593543892913,2.3796179855226798e-30
52.32614239486662,2.218835194984847e-30
52.810797119343306,1.7459605603719504e-30
53.29994080844088,1.752164619554288e-30
53.79361503980703,1.9049098578547616e-30
54.29186177618943,2.0399477251211882e-30
54.794723369002874,2.1104953781850715e-30
55.302242561929,1.6213274822458573e-30
55.81446249454961,1.8479925009918516e-30
56.33142670601357,1.6743698991983135e-30
56.85317913873753,1.3506941591351746e-30
57.37976414214134,1.8652637205467015e-30
57.91122647641758,1.680340063870547e-30
58.447611316336314,1.29081893066629e-30
58.988964255084994,2.0860251901822167e-30
59.535331308143704,1.6242382980032224e-30
60.08675891719687,1.5756755246947471e-30
60.64329395408062,1.2473463630082717e-30
61.20498372476697,1.5178354491275822e-30
61.771875973384944,1.4196807408681542e-30
62.34401888627864,1.518754017417361e-30
62.92146109610344,1.5622272884933726e-30
63.50425168595962,1.0705974034490656e-30
64.0924401935645,1.515215844502818e-30
64.68607661546328,1.5178089208643345e-30
65.28521141127847,1.233984488376342e-30
65.8898955079995,1.1117323993321776e-30
66.50018030431119,1.2759678252273255e-30
67.1161176749628,1.3180502233779189e-30
67.73775997517753,1.037463412194137e-30
68.36516004510239,9.059349743114566e-31
68.99837121430018,9.635463923941461e-31
69.63744730628223,1.0344631297237074e-30
70.28244264308346,1.000448683308432e-30
70.93341204987996,8.473550598050155e-31
71.59041085964888,8.790323589959494e-31
72.25349491787215,8.656797947278096e-31
72.92272058728312,8.477779735161905e-31
73.59814475265763,6.6182112603364826e-31
74.27982482564919,6.609124670218652e-31
74.96781874966877,6.533943044290952e-31
75.66218500481055,5.9073083193035484e-31
76.36298261282242,6.082656105854535e-31
77.07027114212295,6.08517908965272e-31
77.7841107128649,5.852474124690674e-31
78.50456200204509,5.631767805407046e-31
79.23168624866254,7.620514518930923e-31
79.96554525892346,5.510740339369951e-31
80.70620141149499,5.461634515177322e-31
81.45371766280745,5.200488057099209e-31
82.20815755240541,5.233468680142354e-31
82.96958520834907,5.579263153968386e-31
83.73806535266489,5.401557023564957e-31
84.51366330684714,4.444487213670719e-31
85.29644499741025,4.1059853663668495e-31
86.08647696149245,4.561905102685886e-31
86.88382635251185,4.60128395204721e-31
87.68856094587427,5.649568383156136e-31
88.50074914473439,5.008065428091308e-31
89.32045998580969,4.028782414918821e-31
90.14776314524917,4.670969653421065e-31
90.98272894455559,5.651082360919675e-31
91.82542835656282,4.498941551789658e-31
92.67593301146883,4.592791322762655e-31
93.53431520292386,3.2925323885514977e-31
94.40064789417603,6.794243647049432e-31
95.2750047242729,3.120845031346767e-31
96.15746001432096,3.235794948036368e-31
97.04808877380307,3.310756255834061e-31
97.94696670695396,3.5542773045342103e-31
98.85417021919574,3.726680691652125e-31
99.76977642363201,3.477714531344892e-31
100.69386314760271,3.3510916286308794e-31
101.62650893929951,3.1220014478530562e-31
102.56779307444219,3.7251584604357575e-31
103.51779556301763,2.870855759299114e-31
104.47659715608042,2.6900111981033817e-31
105.44427935261685,2.699797124831203e-31
106.42092440647247,2.5868865867129206e-31
107.40661533334334,1.9623159515272568e-31
108.4014359178331,3.2442542019050475e-31
109.40547072057424,2.10022552781355e-31
110.41880508541603,2.2863493659647837e-31
111.44152514667881,2.0297298336021895e-31
112.47371783647519,2.2211752358033595e-31
113.5154708920999,1.9890274653927244e-31
114.56687286348715,2.0783989598750736e-31
115.62801312073753,2.2539092909376976e-31
116.69898186171474,2.1262818482706594e-31
117.77987011971193,1.8674360412040734e-31
118.87076977119033,1.858290852531305e-31
119.97177354358843,1.855600461947614e-31
121.08297502320394,1.9045958405147695e-31
122.20446866314887,2.184516463598906e-31
123.3363497913776,1.9173205095908816e-31
124.47871461879062,1.2888226788587463e-31
125.63166024741201,1.1621554516072105e-31
126.7952846786434,1.6815943146013656e-31
127.96968682159417,1.1619376961376502e-31
129.1549665014884,1.4851095340183519e-31
130.3512244681509,9.795203255630868e-32
131.55856240457038,1.041827570226401e-31
132.7770829355429,1.4002613212274793e-31
134.00688963639507,1.120591682703784e-31
135.24808704178753,1.633188821215652e-31
136.50078065460139,1.4705450458354718e-31
137.76507695490537,1.2399693284454135e-31
139.04108340900697,9.638665322487716e-32
140.32890847858732,1.0575077252630631e-31
141.6286616299199,1.0322468906601237e-31
142.9404533431761,7.761064518680581e-32
144.26439512181574,9.933417614447084e-32
145.60059950206485,8.831278475773415e-32
146.94918006248173,7.922435977559908e-32
148.31025143361043,7.517797357389809e-32
149.68392930772555,9.364774049146675e-32
151.0703304486654,6.175190210699642e-32
152.4695727017573,5.784196393957528e-32
153.88177500383463,1.6950561419228737e-31
155.307057393346,1.1462278355367618e-31
156.7455410205595,4.1354684739325356e-32
158.19734815785998,7.050753146104347e-32
159.66260221014252,6.232331392641206e-32
161.14142772530198,9.735333512099069e-32
162.63395040481922,8.941244045385383e-32
164.14029711444664,4.932537856902639e-32
165.66059589499136,9.758011770518493e-32
167.194975973199,7.608540131895687e-32
168.74356777273758,9.041101341738741e-32
170.30650292528443,4.526962504015462e-32
171.88391428171457,6.248378458607171e-32
173.47593592339308,4.972067944040804e-32
175.08270317357253,6.293359442966218e-32
176.70435260889465,5.949420577289281e-32
178.34102207100082,5.363572368412906e-32
179.99285067824763,5.020636310025605e-32
181.65997883753266,9.019085564494828e-32
183.34254825622907,4.1897021313467144e-32
185.0407019542302,5.162484720747221e-32
186.7545842761076,6.105261041943056e-32
188.48434090337955,7.556962339154627e-32
190.23011886689437,4.8353319412928505e-32
191.99206655932846,5.040623945549562e-32
193.7703337477989,3.340900116013303e-32
195.5650715865949,1.8542633766503792e-32
197.37643263002553,4.622196661427975e-32
199.2045708453869,4.130580305121691e-32
201.04964162604992,2.9162688756625236e-32
202.91180180466782,2.0635426626082328e-32
204.79120966650854,2.0970929247479004e-32
206.6880249629082,1.1082622455079414e-32
208.60240892485027,3.049970867316052e-32
210.5345242766706,3.4823429518935e-32
212.4845352498883,1.248750446642188e-32
214.45260759716675,1.5128480193535152e-32
216.43890860640204,2.564288996310757e-32
218.4436071149426,2.649337520588721e-32
220.466873523941,1.4351420585428947e-32
222.50887981283694,2.2446336759036628e-32
224.5697995539774,1.6730308975727156e-32
226.6498079273693,2.077802497074609e-32
228.74908173557017,3.27058578470519e-32
230.86779941871697,1.708012402745874e-32
233.00614106969246,2.3748125935685996e-32
235.16428844943485,3.7412287523440926e-32
237.34242500238662,2.0799200866848315e-32
239.54073587208768,1.709910224221727e-32
241.7594079169131,1.779496866590231e-32
243.99862972595503,2.105646996702073e-32
246.25859163505467,1.5645332015876757e-32
248.53948574297985,2.3999828030542816e-32
250.84150592775387,2.297659123566948e-32
253.16484786313555,1.3097682377591378e-32
255.5097090352507,1.6940886161078614e-32
257.8762887593801,8.438412133531561e-33
260.26478819690044,9.1662052483509e-33
262.67541037238357,1.6234466323404664e-32
265.1083601908539,7.565096668613882e-33
267.5638444552045,1.5392046686590142e-32
270.0420718837773,1.1589456515239548e-32
272.5432531281028,1.794341462325919e-32
275.06760079080647,8.596831637387534e-33
277.6153294436801,3.2947251723836036e-33
280.18665564591953,4.16577326546372e-33
282.7817979625341,6.235714543234339e-33
285.40097698292374,1.4952662723259382e-32
288.0444153396298,6.204139535779049e-33
290.7123377272578,6.401700050637501e-33
293.4049709215787,4.447909857714949e-33
296.12254379880346,4.72149208520444e-33
298.8652873550383,1.3498521891690616e-32
301.6334347259197,1.170926545892866e-32
304.42722120643026,4.3549846523600636e-33
307.24688427090035,5.5116746578617604e-33
310.09266359319264,2.3501815266730177e-33
312.96480106707503,1.0113391507466041e-32
315.8635408267819,9.392440972734073e-33
318.78912926776457,5.146635043438302e-33
321.74181506763716,1.0946657937990068e-33
324.72184920731286,3.8658101969673936e-33
327.7294849923382,2.866813965538944e-33
330.7649780744243,1.6369358547446103e-33
333.8285864731761,9.396664149365039e-34
336.9205705980267,3.449200117539639e-33
340.0411932703706,2.521364253577979e-33
343.1907197459043,2.1694652980250265e-33
346.3694177371734,7.387044196387339e-33
349.57755743632754,6.684723352062678e-33
352.8154115380883,5.827737016394289e-33
356.08325526292776,3.2618837312623504e-33
359.38136638046257,3.0545298153963855e-33
362.7100252330648,2.6656013010151755e-33
366.06951475969026,1.6832296901983948e-33
369.46012051993023,3.221958931917855e-33
372.88213071828335,3.4537928851774805e-33
376.33583622865325,3.290217453278796e-33
379.8215306190736,4.6360277184067e-33
383.33951017666016,5.4987497341145986e-33
386.8900739327976,3.4329078688231895e-33
390.473523688556,1.571181016003265e-33
394.09016404034475,1.432914958161271e-33
397.7403024058037,1.0318810389253842e-34
401.4242490499322,9.807174774711222e-34
405.1423171114647,1.0653651691877708e-33
408.89482262948604,2.8984083769061397e-33
412.68208457029516,2.2455324460770175e-33
416.5044248545185,1.7303539464995364e-33
420.3621683844714,2.0900367164091858e-33
424.2556430717777,1.949556689009037e-35
428.18517986524114,2.883380186406e-42
432.1511127789762,6.612593540157119e-34
436.15377892080056,4.3823205045459946e-36
440.19351852088744,1.6300442285226843e-34
444.27067496068827,1.0069442674934686e-33
448.38559480211865,6.936357565578086e-34
452.5386278170167,9.13153853422587e-44
456.7301270168747,3.7577749668659784e-38
460.9604486828434,1.4307860046184936e-33
465.2299523960189,1.390566272721799e-35
469.5390010680058,1.012553693369687e-33
473.8879609717651,9.15981930205483e-34
478.2772017727485,6.630438804928871e-36
482.7070965603183,5.3362541733189844e-36
487.1780218794631,1.155460039605174e-33
491.69035776280265,1.2764984273790057e-33
496.24448776289137,8.906541253382085e-34
500.8407989848212,2.2188324420925776e-33
505.47968211912405,2.6049425300796634e-37
510.16153147498335,6.28900726147137e-34
514.8867450137492,1.1159724505815902e-33
519.6557243827657,4.771912192672189e-34
524.4688749495119,1.4999789860886307e-36
529.3266058360562,3.080907397170988e-34
534.2293299538352,1.0114149095040412e-35
539.17746403875,1.0654675429298911e-35
544.1714286865893,4.413167324604111e-34
549.2116483887789,1.8164180614778502e-34
554.2985515684669,9.372367891792173e-37
559.4325706169377,2.20292175036243e-33
564.6141419303667,2.4092205547558007e-33
569.8437059469142,2.498576723897494e-35
575.1217071841613,2.4209105802814835e-34
580.4485942768978,1.3814156754611075e-33
585.8248200152536,1.4366321841884419e-34
591.2508413831875,2.1160634656002758e-41
596.7271195973317,1.0231705505081183e-33
602.2541201461928,1.9971932970201021e-35
607.832312829723,3.628101833317804e-38
613.4621717992507,7.232716461622107e-34
619.1441755977842,1.2825368318624786e-37
624.8788072006894,1.411538275131747e-34
630.6665540567406,3.432036630147178e-35
636.5079081295571,1.5613504570533654e-36
642.4033659394191,3.0248426269864827e-52
648.353428605472,1.811807128200875e-44
654.3586018883236,9.769819006467245e-35
660.4193962330305,2.026287358122953e-35
666.5363268124913,4.2891160267795544e-80
672.7099135712336,0.0
678.9406812696105,3.0624401873401586e-124
685.2291595284064,8.04452058433309e-37
691.5758828738525,9.287325903351726e-55
697.981390783066,1.7456709650591002e-46
704.4462277299037,5.618216109778781e-35
710.9709432312432,1.6890491422851986e-35
717.5560918936928,1.3276481297012097e-45
724.2022334607316,8.113645282010221e-297
730.9099328602911,0.0
737.6797602527731,0.0
744.5122910795136,0.0
751.408106111697,0.0
758.367791499719,0.0
765.3919388230148,0.0
772.48114514034,0.0
779.6360130405229,0.0
786.8571506936852,0.0
794.145171902934,0.0
801.5006961565405,0.0
808.9243486805938,0.0
816.4167604921464,0.0
823.978568452852,0.0
831.6104153230962,0.0
839.3129498166364,0.0
847.0868266557402,0.0
854.9327066268376,0.0
862.8512566366895,0.0
870.8431497690724,0.0
878.9090653419954,0.0
887.0496889654403,0.0
895.2657125996392,0.0
903.557834613893,0.0
911.9267598459298,0.0
920.3731996618221,0.0
928.8978720164498,0.0
937.501501514529,0.0
946.1848194722002,0.0
954.9485639791966,0.0
963.7934799615786,0.0
972.7203192450537,0.0
981.729840618884,0.0
990.8228099003798,0.0
1000.0,0.0
